!----------------------------------------------------------------------
! Basis Set Exchange
! Version v0.9
! https://www.basissetexchange.org
!----------------------------------------------------------------------
!   Basis set: aug-cc-pVTZ
! Description: aug-cc-pVTZ
!        Role: orbital
!     Version: 1  (Data from ccRepo/Grant Hill)
!----------------------------------------------------------------------


$DATA

HYDROGEN
S   3
1         3.387000E+01           6.068000E-03
2         5.095000E+00           4.530800E-02
3         1.159000E+00           2.028220E-01
S   1
1         3.258000E-01           1.000000E+00
S   1
1         1.027000E-01           1.000000E+00
S   1
1         0.0252600              1.0000000
P   1
1         1.407000E+00           1.000000E+00
P   1
1         3.880000E-01           1.000000E+00
P   1
1         0.1020000              1.0000000
D   1
1         1.057000E+00           1.0000000
D   1
1         0.2470000              1.0000000

CARBON
S   8
1         8.236000E+03           5.310000E-04
2         1.235000E+03           4.108000E-03
3         2.808000E+02           2.108700E-02
4         7.927000E+01           8.185300E-02
5         2.559000E+01           2.348170E-01
6         8.997000E+00           4.344010E-01
7         3.319000E+00           3.461290E-01
8         3.643000E-01          -8.983000E-03
S   1
1         9.059000E-01           1.000000E+00
S   8
1         8.236000E+03          -1.130000E-04
2         1.235000E+03          -8.780000E-04
3         2.808000E+02          -4.540000E-03
4         7.927000E+01          -1.813300E-02
5         2.559000E+01          -5.576000E-02
6         8.997000E+00          -1.268950E-01
7         3.319000E+00          -1.703520E-01
8         3.643000E-01           5.986840E-01
S   1
1         1.285000E-01           1.000000E+00
S   1
1         0.0440200              1.0000000
P   3
1         1.871000E+01           1.403100E-02
2         4.133000E+00           8.686600E-02
3         1.200000E+00           2.902160E-01
P   1
1         3.827000E-01           1.000000E+00
P   1
1         1.209000E-01           1.000000E+00
P   1
1         0.0356900              1.0000000
D   1
1         1.097000E+00           1.000000E+00
D   1
1         3.180000E-01           1.000000E+00
D   1
1         0.1000000              1.0000000
F   1
1         7.610000E-01           1.0000000
F   1
1         0.2680000              1.0000000

$END
