$DATA

HYDROGEN
S   1
1         7.977000E-01           1.000000E+00
S   1
1         2.581000E-01           1.000000E+00
S   6
1         8.264000E+01           2.006000E-03
2         1.241000E+01           1.534300E-02
3         2.824000E+00           7.557900E-02
4         7.977000E-01           2.568750E-01
5         2.581000E-01           4.973680E-01
6         8.989000E-02           2.961330E-01
S   1
1         8.989000E-02           1.000000E+00
S   1
1         0.0236300              1.0000000
P   1
1         2.292000E+00           1.000000E+00
P   1
1         8.380000E-01           1.000000E+00
P   1
1         2.920000E-01           1.000000E+00
P   1
1         0.0848000              1.0000000
D   1
1         2.062000E+00           1.000000E+00
D   1
1         6.620000E-01           1.000000E+00
D   1
1         0.1900000              1.0000000
F   1
1         1.397000E+00           1.0000000
F   1
1         0.3600000              1.0000000

$END
