!
! modified to fit with Dalton

$DATA

HYDROGEN
S   5
1         3.387000E+01           6.068000E-03
2         5.095000E+00           4.530800E-02
3         1.159000E+00           2.028220E-01
4         3.258000E-01           5.039030E-01
5         1.027000E-01           3.834210E-01
S   1
1         3.258000E-01           1.000000E+00
S   1
1         1.027000E-01           1.000000E+00
S   1
1         0.0252600              1.0000000
P   1
1         1.407000E+00           1.000000E+00
P   1
1         3.880000E-01           1.000000E+00
P   1
1         0.1020000              1.0000000
D   1
1         1.057000E+00           1.0000000
D   1
1         0.2470000              1.0000000

HELIUM
S   6
1         2.340000E+02           2.587000E-03
2         3.516000E+01           1.953300E-02
3         7.989000E+00           9.099800E-02
4         2.212000E+00           2.720500E-01
5         6.669000E-01           4.780650E-01
6         2.089000E-01           3.077370E-01
S   1
1         6.669000E-01           1.000000E+00
S   1
1         2.089000E-01           1.000000E+00
S   1
1         0.0513800              1.0000000
P   1
1         3.044000E+00           1.000000E+00
P   1
1         7.580000E-01           1.000000E+00
P   1
1         0.1993000              1.0000000
D   1
1         1.965000E+00           1.0000000
D   1
1         0.4592000              1.0000000

BORON
S   10
1         5.473000E+03           5.550000E-04
2         8.209000E+02           4.291000E-03
3         1.868000E+02           2.194900E-02
4         5.283000E+01           8.444100E-02
5         1.708000E+01           2.385570E-01
6         5.999000E+00           4.350720E-01
7         2.208000E+00           3.419550E-01
8         5.879000E-01           3.685600E-02
9         2.415000E-01          -9.545000E-03
10        8.610000E-02           2.368000E-03
S   10
1         5.473000E+03          -1.120000E-04
2         8.209000E+02          -8.680000E-04
3         1.868000E+02          -4.484000E-03
4         5.283000E+01          -1.768300E-02
5         1.708000E+01          -5.363900E-02
6         5.999000E+00          -1.190050E-01
7         2.208000E+00          -1.658240E-01
8         5.879000E-01           1.201070E-01
9         2.415000E-01           5.959810E-01
10        8.610000E-02           4.110210E-01
S   1
1         5.879000E-01           1.000000E+00
S   1
1         8.610000E-02           1.000000E+00
S   1
1         0.0291400              1.0000000
P   5
1         1.205000E+01           1.311800E-02
2         2.613000E+00           7.989600E-02
3         7.475000E-01           2.772750E-01
4         2.385000E-01           5.042700E-01
5         7.698000E-02           3.536800E-01
P   1
1         2.385000E-01           1.000000E+00
P   1
1         7.698000E-02           1.000000E+00
P   1
1         0.0209600              1.0000000
D   1
1         6.610000E-01           1.000000E+00
D   1
1         1.990000E-01           1.000000E+00
D   1
1         0.0604000              1.0000000
F   1
1         4.900000E-01           1.0000000
F   1
1         0.1630000              1.0000000

CARBON
S   10
1         8.236000E+03           5.310000E-04
2         1.235000E+03           4.108000E-03
3         2.808000E+02           2.108700E-02
4         7.927000E+01           8.185300E-02
5         2.559000E+01           2.348170E-01
6         8.997000E+00           4.344010E-01
7         3.319000E+00           3.461290E-01
8         9.059000E-01           3.937800E-02
9         3.643000E-01          -8.983000E-03
10        1.285000E-01           2.385000E-03
S   10
1         8.236000E+03          -1.130000E-04
2         1.235000E+03          -8.780000E-04
3         2.808000E+02          -4.540000E-03
4         7.927000E+01          -1.813300E-02
5         2.559000E+01          -5.576000E-02
6         8.997000E+00          -1.268950E-01
7         3.319000E+00          -1.703520E-01
8         9.059000E-01           1.403820E-01
9         3.643000E-01           5.986840E-01
10        1.285000E-01           3.953890E-01
S   1
1         9.059000E-01           1.000000E+00
S   1
1         1.285000E-01           1.000000E+00
S   1
1         0.0440200              1.0000000
P   5
1         1.871000E+01           1.403100E-02
2         4.133000E+00           8.686600E-02
3         1.200000E+00           2.902160E-01
4         3.827000E-01           5.010080E-01
5         1.209000E-01           3.434060E-01
P   1
1         3.827000E-01           1.000000E+00
P   1
1         1.209000E-01           1.000000E+00
P   1
1         0.0356900              1.0000000
D   1
1         1.097000E+00           1.000000E+00
D   1
1         3.180000E-01           1.000000E+00
D   1
1         0.1000000              1.0000000
F   1
1         7.610000E-01           1.0000000
F   1
1         0.2680000              1.0000000

NITROGEN
S   10
1         1.142000E+04           5.230000E-04
2         1.712000E+03           4.045000E-03
3         3.893000E+02           2.077500E-02
4         1.100000E+02           8.072700E-02
5         3.557000E+01           2.330740E-01
6         1.254000E+01           4.335010E-01
7         4.644000E+00           3.474720E-01
8         1.293000E+00           4.126200E-02
9         5.118000E-01          -8.508000E-03
10        1.787000E-01           2.384000E-03
S   10
1         1.142000E+04          -1.150000E-04
2         1.712000E+03          -8.950000E-04
3         3.893000E+02          -4.624000E-03
4         1.100000E+02          -1.852800E-02
5         3.557000E+01          -5.733900E-02
6         1.254000E+01          -1.320760E-01
7         4.644000E+00          -1.725100E-01
8         1.293000E+00           1.518140E-01
9         5.118000E-01           5.999440E-01
10        1.787000E-01           3.874620E-01
S   1
1         1.293000E+00           1.000000E+00
S   1
1         1.787000E-01           1.000000E+00
S   1
1         0.0576000              1.0000000
P   5
1         2.663000E+01           1.467000E-02
2         5.948000E+00           9.176400E-02
3         1.742000E+00           2.986830E-01
4         5.550000E-01           4.984870E-01
5         1.725000E-01           3.370230E-01
P   1
1         5.550000E-01           1.000000E+00
P   1
1         1.725000E-01           1.000000E+00
P   1
1         0.0491000              1.0000000
D   1
1         1.654000E+00           1.000000E+00
D   1
1         4.690000E-01           1.000000E+00
D   1
1         0.1510000              1.0000000
F   1
1         1.093000E+00           1.0000000
F   1
1         0.3640000              1.0000000

OXYGEN
S   10
1         1.533000E+04           5.080000E-04
2         2.299000E+03           3.929000E-03
3         5.224000E+02           2.024300E-02
4         1.473000E+02           7.918100E-02
5         4.755000E+01           2.306870E-01
6         1.676000E+01           4.331180E-01
7         6.207000E+00           3.502600E-01
8         1.752000E+00           4.272800E-02
9         6.882000E-01          -8.154000E-03
10        2.384000E-01           2.381000E-03
S   10
1         1.533000E+04          -1.150000E-04
2         2.299000E+03          -8.950000E-04
3         5.224000E+02          -4.636000E-03
4         1.473000E+02          -1.872400E-02
5         4.755000E+01          -5.846300E-02
6         1.676000E+01          -1.364630E-01
7         6.207000E+00          -1.757400E-01
8         1.752000E+00           1.609340E-01
9         6.882000E-01           6.034180E-01
10        2.384000E-01           3.787650E-01
S   1
1         1.752000E+00           1.000000E+00
S   1
1         2.384000E-01           1.000000E+00
S   1
1         0.0737600              1.0000000
P   5
1         3.446000E+01           1.592800E-02
2         7.749000E+00           9.974000E-02
3         2.280000E+00           3.104920E-01
4         7.156000E-01           4.910260E-01
5         2.140000E-01           3.363370E-01
P   1
1         7.156000E-01           1.000000E+00
P   1
1         2.140000E-01           1.000000E+00
P   1
1         0.0597400              1.0000000
D   1
1         2.314000E+00           1.000000E+00
D   1
1         6.450000E-01           1.000000E+00
D   1
1         0.2140000              1.0000000
F   1
1         1.428000E+00           1.0000000
F   1
1         0.5000000              1.0000000

FLUORINE
S   10
1         1.950000E+04           5.070000E-04
2         2.923000E+03           3.923000E-03
3         6.645000E+02           2.020000E-02
4         1.875000E+02           7.901000E-02
5         6.062000E+01           2.304390E-01
6         2.142000E+01           4.328720E-01
7         7.950000E+00           3.499640E-01
8         2.257000E+00           4.323300E-02
9         8.815000E-01          -7.892000E-03
10        3.041000E-01           2.384000E-03
S   10
1         1.950000E+04          -1.170000E-04
2         2.923000E+03          -9.120000E-04
3         6.645000E+02          -4.717000E-03
4         1.875000E+02          -1.908600E-02
5         6.062000E+01          -5.965500E-02
6         2.142000E+01          -1.400100E-01
7         7.950000E+00          -1.767820E-01
8         2.257000E+00           1.716250E-01
9         8.815000E-01           6.050430E-01
10        3.041000E-01           3.695120E-01
S   1
1         2.257000E+00           1.000000E+00
S   1
1         3.041000E-01           1.000000E+00
S   1
1         0.0915800              1.0000000
P   5
1         4.388000E+01           1.666500E-02
2         9.926000E+00           1.044720E-01
3         2.930000E+00           3.172600E-01
4         9.132000E-01           4.873430E-01
5         2.672000E-01           3.346040E-01
P   1
1         9.132000E-01           1.000000E+00
P   1
1         2.672000E-01           1.000000E+00
P   1
1         0.0736100              1.0000000
D   1
1         3.107000E+00           1.000000E+00
D   1
1         8.550000E-01           1.000000E+00
D   1
1         0.2920000              1.0000000
F   1
1         1.917000E+00           1.0000000
F   1
1         0.7240000              1.0000000

NEON
S   10
1         2.435000E+04           5.020000E-04
2         3.650000E+03           3.881000E-03
3         8.296000E+02           1.999700E-02
4         2.340000E+02           7.841800E-02
5         7.561000E+01           2.296760E-01
6         2.673000E+01           4.327220E-01
7         9.927000E+00           3.506420E-01
8         2.836000E+00           4.391100E-02
9         1.102000E+00          -7.645000E-03
10        3.782000E-01           2.375000E-03
S   10
1         2.435000E+04          -1.180000E-04
2         3.650000E+03          -9.150000E-04
3         8.296000E+02          -4.737000E-03
4         2.340000E+02          -1.923300E-02
5         7.561000E+01          -6.036900E-02
6         2.673000E+01          -1.425080E-01
7         9.927000E+00          -1.777100E-01
8         2.836000E+00           1.773520E-01
9         1.102000E+00           6.058360E-01
10        3.782000E-01           3.651090E-01
S   1
1         2.836000E+00           1.000000E+00
S   1
1         3.782000E-01           1.000000E+00
S   1
1         0.1133000              1.0000000
P   5
1         5.470000E+01           1.715100E-02
2         1.243000E+01           1.076560E-01
3         3.679000E+00           3.216810E-01
4         1.143000E+00           4.852320E-01
5         3.300000E-01           3.325840E-01
P   1
1         1.143000E+00           1.000000E+00
P   1
1         3.300000E-01           1.000000E+00
P   1
1         0.0917500              1.0000000
D   1
1         4.014000E+00           1.000000E+00
D   1
1         1.096000E+00           1.000000E+00
D   1
1         0.3860000              1.0000000
F   1
1         2.544000E+00           1.0000000
F   1
1         1.0840000              1.0000000

$END
