!----------------------------------------------------------------------
! Basis Set Exchange
! Version v0.9
! https://www.basissetexchange.org
!----------------------------------------------------------------------
!   Basis set: cc-pVQZ
! Description: cc-pVQZ
!        Role: orbital
!     Version: 1  (Data from ccRepo/Grant Hill)
!----------------------------------------------------------------------


$DATA

HYDROGEN
S   1
1         7.977000E-01           1.000000E+00
S   1
1         2.581000E-01           1.000000E+00
S   6
1         8.264000E+01           2.006000E-03
2         1.241000E+01           1.534300E-02
3         2.824000E+00           7.557900E-02
4         7.977000E-01           2.568750E-01
5         2.581000E-01           4.973680E-01
6         8.989000E-02           2.961330E-01
S   1
1         8.989000E-02           1.000000E+00
P   1
1         2.292000E+00           1.000000E+00
P   1
1         8.380000E-01           1.000000E+00
P   1
1         2.920000E-01           1.000000E+00
D   1
1         2.062000E+00           1.000000E+00
D   1
1         6.620000E-01           1.000000E+00
F   1
1         1.397000E+00           1.0000000

OXYGEN
S   12
1         6.142000E+04           9.000000E-05
2         9.199000E+03           6.980000E-04
3         2.091000E+03           3.664000E-03
4         5.909000E+02           1.521800E-02
5         1.923000E+02           5.242300E-02
6         6.932000E+01           1.459210E-01
7         2.697000E+01           3.052580E-01
8         1.110000E+01           3.985080E-01
9         4.682000E+00           2.169800E-01
10        1.428000E+00           1.759400E-02
11        5.547000E-01          -2.502000E-03
12        2.067000E-01           9.540000E-04
S   1
1         1.428000E+00           1.000000E+00
S   1
1         5.547000E-01           1.000000E+00
S   12
1         6.142000E+04          -2.000000E-05
2         9.199000E+03          -1.590000E-04
3         2.091000E+03          -8.290000E-04
4         5.909000E+02          -3.508000E-03
5         1.923000E+02          -1.215600E-02
6         6.932000E+01          -3.626100E-02
7         2.697000E+01          -8.299200E-02
8         1.110000E+01          -1.520900E-01
9         4.682000E+00          -1.153310E-01
10        1.428000E+00           2.889790E-01
11        5.547000E-01           5.861280E-01
12        2.067000E-01           2.776240E-01
S   1
1         2.067000E-01           1.000000E+00
P   1
1         1.531000E+00           1.000000E+00
P   6
1         6.342000E+01           6.044000E-03
2         1.466000E+01           4.179900E-02
3         4.459000E+00           1.611430E-01
4         1.531000E+00           3.567310E-01
5         5.302000E-01           4.483090E-01
6         1.750000E-01           2.449400E-01
P   1
1         5.302000E-01           1.000000E+00
P   1
1         1.750000E-01           1.000000E+00
D   1
1         3.775000E+00           1.000000E+00
D   1
1         1.300000E+00           1.000000E+00
D   1
1         4.440000E-01           1.000000E+00
F   1
1         2.666000E+00           1.000000E+00
F   1
1         8.590000E-01           1.000000E+00
G   1
1         1.846000E+00           1.0000000

$END
