!----------------------------------------------------------------------
! Basis Set Exchange
! Version v0.9
! https://www.basissetexchange.org
!----------------------------------------------------------------------
!   Basis set: cc-pVTZ
! Description: cc-pVTZ
!        Role: orbital
!     Version: 1  (Data from ccRepo/Grant Hill)
!----------------------------------------------------------------------


$DATA

HYDROGEN
S   1
1         3.258000E-01           1.000000E+00
S   5
1         3.387000E+01           6.068000E-03
2         5.095000E+00           4.530800E-02
3         1.159000E+00           2.028220E-01
4         3.258000E-01           5.039030E-01
5         1.027000E-01           3.834210E-01
S   1
1         1.027000E-01           1.000000E+00
P   1
1         1.407000E+00           1.000000E+00
P   1
1         3.880000E-01           1.000000E+00
D   1
1         1.057000E+00           1.0000000

OXYGEN
S   10
1         1.533000E+04           5.080000E-04
2         2.299000E+03           3.929000E-03
3         5.224000E+02           2.024300E-02
4         1.473000E+02           7.918100E-02
5         4.755000E+01           2.306870E-01
6         1.676000E+01           4.331180E-01
7         6.207000E+00           3.502600E-01
8         1.752000E+00           4.272800E-02
9         6.882000E-01          -8.154000E-03
10        2.384000E-01           2.381000E-03
S   1
1         1.752000E+00           1.000000E+00
S   10
1         1.533000E+04          -1.150000E-04
2         2.299000E+03          -8.950000E-04
3         5.224000E+02          -4.636000E-03
4         1.473000E+02          -1.872400E-02
5         4.755000E+01          -5.846300E-02
6         1.676000E+01          -1.364630E-01
7         6.207000E+00          -1.757400E-01
8         1.752000E+00           1.609340E-01
9         6.882000E-01           6.034180E-01
10        2.384000E-01           3.787650E-01
S   1
1         2.384000E-01           1.000000E+00
P   1
1         7.156000E-01           1.000000E+00
P   5
1         3.446000E+01           1.592800E-02
2         7.749000E+00           9.974000E-02
3         2.280000E+00           3.104920E-01
4         7.156000E-01           4.910260E-01
5         2.140000E-01           3.363370E-01
P   1
1         2.140000E-01           1.000000E+00
D   1
1         2.314000E+00           1.000000E+00
D   1
1         6.450000E-01           1.000000E+00
F   1
1         1.428000E+00           1.0000000

FLUORINE
S   10
1         1.950000E+04           5.070000E-04
2         2.923000E+03           3.923000E-03
3         6.645000E+02           2.020000E-02
4         1.875000E+02           7.901000E-02
5         6.062000E+01           2.304390E-01
6         2.142000E+01           4.328720E-01
7         7.950000E+00           3.499640E-01
8         2.257000E+00           4.323300E-02
9         8.815000E-01          -7.892000E-03
10        3.041000E-01           2.384000E-03
S   1
1         2.257000E+00           1.000000E+00
S   10
1         1.950000E+04          -1.170000E-04
2         2.923000E+03          -9.120000E-04
3         6.645000E+02          -4.717000E-03
4         1.875000E+02          -1.908600E-02
5         6.062000E+01          -5.965500E-02
6         2.142000E+01          -1.400100E-01
7         7.950000E+00          -1.767820E-01
8         2.257000E+00           1.716250E-01
9         8.815000E-01           6.050430E-01
10        3.041000E-01           3.695120E-01
S   1
1         3.041000E-01           1.000000E+00
P   1
1         9.132000E-01           1.000000E+00
P   5
1         4.388000E+01           1.666500E-02
2         9.926000E+00           1.044720E-01
3         2.930000E+00           3.172600E-01
4         9.132000E-01           4.873430E-01
5         2.672000E-01           3.346040E-01
P   1
1         2.672000E-01           1.000000E+00
D   1
1         3.107000E+00           1.000000E+00
D   1
1         8.550000E-01           1.000000E+00
F   1
1         1.917000E+00           1.0000000

ARGON
S   15
1         5.450000E+05           4.558280E-05
2         8.164000E+04           3.541080E-04
3         1.858000E+04           1.857970E-03
4         5.261000E+03           7.768510E-03
5         1.717000E+03           2.742320E-02
6         6.199000E+02           8.238360E-02
7         2.416000E+02           2.012300E-01
8         9.979000E+01           3.567810E-01
9         4.315000E+01           3.495630E-01
10        1.914000E+01           1.182660E-01
11        7.488000E+00           5.601900E-03
12        3.205000E+00           4.834730E-04
13        1.196000E+00          -1.480850E-04
14        5.204000E-01           2.920250E-05
15        1.954000E-01          -2.316040E-05
S   15
1         5.450000E+05          -1.295510E-05
2         8.164000E+04          -1.004280E-04
3         1.858000E+04          -5.295830E-04
4         5.261000E+03          -2.213960E-03
5         1.717000E+03          -7.968450E-03
6         6.199000E+02          -2.458030E-02
7         2.416000E+02          -6.577980E-02
8         9.979000E+01          -1.379420E-01
9         4.315000E+01          -2.016300E-01
10        1.914000E+01          -4.128340E-02
11        7.488000E+00           4.846800E-01
12        3.205000E+00           5.792240E-01
13        1.196000E+00           8.790830E-02
14        5.204000E-01          -7.275530E-03
15        1.954000E-01           2.328840E-03
S   1
1         1.196000E+00           1.000000E+00
S   15
1         5.450000E+05           4.049900E-06
2         8.164000E+04           3.136910E-05
3         1.858000E+04           1.656460E-04
4         5.261000E+03           6.916620E-04
5         1.717000E+03           2.497900E-03
6         6.199000E+02           7.710740E-03
7         2.416000E+02           2.087140E-02
8         9.979000E+01           4.439650E-02
9         4.315000E+01           6.802240E-02
10        1.914000E+01           1.413500E-02
11        7.488000E+00          -2.074890E-01
12        3.205000E+00          -4.250450E-01
13        1.196000E+00           7.048550E-02
14        5.204000E-01           7.336270E-01
15        1.954000E-01           3.960050E-01
S   1
1         1.954000E-01           1.000000E+00
P   9
1         7.618000E+02           2.369760E-03
2         1.802000E+02           1.901990E-02
3         5.750000E+01           8.808070E-02
4         2.124000E+01           2.563770E-01
5         8.388000E+00           4.387110E-01
6         3.416000E+00           3.475690E-01
7         1.206000E+00           5.667400E-02
8         4.523000E-01          -5.238820E-03
9         1.545000E-01           1.643760E-03
P   1
1         1.206000E+00           1.000000E+00
P   9
1         7.618000E+02          -6.672110E-04
2         1.802000E+02          -5.327170E-03
3         5.750000E+01          -2.554940E-02
4         2.124000E+01          -7.571970E-02
5         8.388000E+00          -1.411330E-01
6         3.416000E+00          -9.327680E-02
7         1.206000E+00           2.828720E-01
8         4.523000E-01           5.624500E-01
9         1.545000E-01           3.250590E-01
P   1
1         1.545000E-01           1.000000E+00
D   1
1         1.254000E+00           1.000000E+00
D   1
1         4.100000E-01           1.000000E+00
F   1
1         8.900000E-01           1.0000000

$END
