!----------------------------------------------------------------------
! Basis Set Exchange
! Version v0.9
! https://www.basissetexchange.org
!----------------------------------------------------------------------
!   Basis set: cc-pVDZ
! Description: cc-pVDZ
!        Role: orbital
!     Version: 1  (Data from ccRepo/Grant Hill)
!----------------------------------------------------------------------


$DATA

HYDROGEN
S   3
1         1.301000E+01           1.968500E-02
2         1.962000E+00           1.379770E-01
3         4.446000E-01           4.781480E-01
S   1
1         1.220000E-01           1.000000E+00
P   1
1         7.270000E-01           1.0000000

OXYGEN
S   8
1         1.172000E+04           7.100000E-04
2         1.759000E+03           5.470000E-03
3         4.008000E+02           2.783700E-02
4         1.137000E+02           1.048000E-01
5         3.703000E+01           2.830620E-01
6         1.327000E+01           4.487190E-01
7         5.025000E+00           2.709520E-01
8         1.013000E+00           1.545800E-02
S   8
1         1.172000E+04          -1.600000E-04
2         1.759000E+03          -1.263000E-03
3         4.008000E+02          -6.267000E-03
4         1.137000E+02          -2.571600E-02
5         3.703000E+01          -7.092400E-02
6         1.327000E+01          -1.654110E-01
7         5.025000E+00          -1.169550E-01
8         1.013000E+00           5.573680E-01
S   1
1         3.023000E-01           1.000000E+00
P   3
1         1.770000E+01           4.301800E-02
2         3.854000E+00           2.289130E-01
3         1.046000E+00           5.087280E-01
P   1
1         2.753000E-01           1.000000E+00
D   1
1         1.185000E+00           1.0000000

NEON
S   8
1         1.788000E+04           7.380000E-04
2         2.683000E+03           5.677000E-03
3         6.115000E+02           2.888300E-02
4         1.735000E+02           1.085400E-01
5         5.664000E+01           2.909070E-01
6         2.042000E+01           4.483240E-01
7         7.810000E+00           2.580260E-01
8         1.653000E+00           1.506300E-02
S   8
1         1.788000E+04          -1.720000E-04
2         2.683000E+03          -1.357000E-03
3         6.115000E+02          -6.737000E-03
4         1.735000E+02          -2.766300E-02
5         5.664000E+01          -7.620800E-02
6         2.042000E+01          -1.752270E-01
7         7.810000E+00          -1.070380E-01
8         1.653000E+00           5.670500E-01
S   1
1         4.869000E-01           1.000000E+00
P   3
1         2.839000E+01           4.608700E-02
2         6.270000E+00           2.401810E-01
3         1.695000E+00           5.087440E-01
P   1
1         4.317000E-01           1.000000E+00
D   1
1         2.202000E+00           1.0000000

$END
