!----------------------------------------------------------------------
! Basis Set Exchange
! Version v0.9
! https://www.basissetexchange.org
!----------------------------------------------------------------------
!   Basis set: cc-pV5Z
! Description: cc-pV5Z
!        Role: orbital
!     Version: 1  (Data from ccRepo/Grant Hill)
!----------------------------------------------------------------------


$DATA

HYDROGEN
S   4
1         4.020000E+02           2.790000E-04
2         6.024000E+01           2.165000E-03
3         1.373000E+01           1.120100E-02
4         3.905000E+00           4.487800E-02
S   1
1         1.283000E+00           1.000000E+00
S   1
1         4.655000E-01           1.000000E+00
S   1
1         1.811000E-01           1.000000E+00
S   1
1         7.279000E-02           1.000000E+00
P   1
1         4.516000E+00           1.000000E+00
P   1
1         1.712000E+00           1.000000E+00
P   1
1         6.490000E-01           1.000000E+00
P   1
1         2.460000E-01           1.000000E+00
D   1
1         2.950000E+00           1.000000E+00
D   1
1         1.206000E+00           1.000000E+00
D   1
1         4.930000E-01           1.000000E+00
F   1
1         2.506000E+00           1.000000E+00
F   1
1         8.750000E-01           1.000000E+00
G   1
1         2.358000E+00           1.0000000

OXYGEN
S   10
1         1.642000E+05           2.600000E-05
2         2.459000E+04           2.050000E-04
3         5.592000E+03           1.076000E-03
4         1.582000E+03           4.522000E-03
5         5.161000E+02           1.610800E-02
6         1.872000E+02           4.908500E-02
7         7.393000E+01           1.248570E-01
8         3.122000E+01           2.516860E-01
9         1.381000E+01           3.624200E-01
10        6.256000E+00           2.790510E-01
S   10
1         1.642000E+05          -6.000000E-06
2         2.459000E+04          -4.600000E-05
3         5.592000E+03          -2.440000E-04
4         1.582000E+03          -1.031000E-03
5         5.161000E+02          -3.688000E-03
6         1.872000E+02          -1.151400E-02
7         7.393000E+01          -3.043500E-02
8         3.122000E+01          -6.814700E-02
9         1.381000E+01          -1.203680E-01
10        6.256000E+00          -1.482600E-01
S   1
1         2.776000E+00           1.000000E+00
S   1
1         1.138000E+00           1.000000E+00
S   1
1         4.600000E-01           1.000000E+00
S   1
1         1.829000E-01           1.000000E+00
P   4
1         1.955000E+02           9.180000E-04
2         4.616000E+01           7.388000E-03
3         1.458000E+01           3.495800E-02
4         5.296000E+00           1.154310E-01
P   1
1         2.094000E+00           1.000000E+00
P   1
1         8.471000E-01           1.000000E+00
P   1
1         3.368000E-01           1.000000E+00
P   1
1         1.285000E-01           1.000000E+00
D   1
1         5.879000E+00           1.000000E+00
D   1
1         2.307000E+00           1.000000E+00
D   1
1         9.050000E-01           1.000000E+00
D   1
1         3.550000E-01           1.000000E+00
F   1
1         4.016000E+00           1.000000E+00
F   1
1         1.554000E+00           1.000000E+00
F   1
1         6.010000E-01           1.000000E+00
G   1
1         3.350000E+00           1.000000E+00
G   1
1         1.189000E+00           1.000000E+00
H   1
1         2.319000E+00           1.0000000

$END
